000000020000000100000000200000000
000000000000000100000000000000000
000000000000000100000000000000000
000000000000000100000000000000000
000000000000000111111111111111101
000000000000000100000000000000000
000000000000000000000000000000000
000000000000000000000000000000000
000000000000000000000000000000121
000000000000000000000000000000000
000000000000000000000000000000000
000000000000000000000000000000000
000000000000000000000000000000000
000000000000000000000000000000000
000000000000000000000000000000000
000000000000000000000000000000000
000000000000000000000000000000000
000000000000020000000000000000000
